-4.25 0.25 0
-4 0 0
-2.55 0.5 0
-2.45 -0.25 0
-1.75 -0.75 0
-1.77 -1 0
-1.73 -0.45 0
-2 -2 0
-2.5 -2.5 0
-2.7 -2.75 0
-2.25 -3.5 0
-2.25 -2.95 0
-1.75 -2.25 0
-1.4 -1.7 0
-1.73 -2.45 0
-1.75 -3.25 0
-1.25 -3.5 0
-1.2 -3.2 0
-1.49 -2.8 0
-1.25 -2.46 0
-1.2 -1.7 0
1.25 -1.9 0
2.25 -1.56 0
2.53 -2.2 0
3.2 -2.85 0
3.75 -2.75 0
3.2 -2.2 0
2.78 -1.6 0
2.5 -1 0
3 -0.95 0
3.56 -1.5 0
4.25 -1.9 0
5 -2.2 0
5.24 -1.75 0
4.85 -1.6 0
4.56 -1.75 0
3.9 -1.25 0
3.2 -0.5 0
2.75 0 0
2.5 0.75 0
3.1 -0.2 0
3.75 -0.6 0
3.8 -0.45 0
4.2 -0.5 0
3.7 0.2 0
3.25 0.75 0
2.6 1.3 0
1.76 1.2 0
0.5 0.76 0
-0.8 0.3 0
-1.9 0.78 0
-2.3 1.4 0
-2.6 1.75 0
-2.6 1.3 0
-3 1.6 0
-2.9 1.2 0
-4.25 0.25 0